2021/07/27-04:27:34.906078 7ff13dd1a1c0 RocksDB version: 6.12.7
2021/07/27-04:27:34.906162 7ff13dd1a1c0 Git sha rocksdb_build_git_sha:@0@
2021/07/27-04:27:34.906166 7ff13dd1a1c0 Compile date Jan  1 1980
2021/07/27-04:27:34.906198 7ff13dd1a1c0 DB SUMMARY
2021/07/27-04:27:34.906200 7ff13dd1a1c0 DB Session ID:  I1HH43MI8TT5KSO9X0OO
2021/07/27-04:27:34.906212 7ff13dd1a1c0 SST files in /home/zlysunshine/ic-oer/.dfx/state/replicated_state/node-100/ic_consensus_pool/consensus dir, Total Num: 0, files: 
2021/07/27-04:27:34.906213 7ff13dd1a1c0 Write Ahead Log file in /home/zlysunshine/ic-oer/.dfx/state/replicated_state/node-100/ic_consensus_pool/consensus: 
2021/07/27-04:27:34.906214 7ff13dd1a1c0                         Options.error_if_exists: 0
2021/07/27-04:27:34.906215 7ff13dd1a1c0                       Options.create_if_missing: 1
2021/07/27-04:27:34.906216 7ff13dd1a1c0                         Options.paranoid_checks: 1
2021/07/27-04:27:34.906216 7ff13dd1a1c0                                     Options.env: 0x55b5d0267ba0
2021/07/27-04:27:34.906218 7ff13dd1a1c0                                      Options.fs: Posix File System
2021/07/27-04:27:34.906218 7ff13dd1a1c0                                Options.info_log: 0x7ff13d85f4d0
2021/07/27-04:27:34.906219 7ff13dd1a1c0                Options.max_file_opening_threads: 16
2021/07/27-04:27:34.906220 7ff13dd1a1c0                              Options.statistics: (nil)
2021/07/27-04:27:34.906220 7ff13dd1a1c0                               Options.use_fsync: 1
2021/07/27-04:27:34.906221 7ff13dd1a1c0                       Options.max_log_file_size: 0
2021/07/27-04:27:34.906222 7ff13dd1a1c0                  Options.max_manifest_file_size: 1073741824
2021/07/27-04:27:34.906223 7ff13dd1a1c0                   Options.log_file_time_to_roll: 0
2021/07/27-04:27:34.906223 7ff13dd1a1c0                       Options.keep_log_file_num: 1000
2021/07/27-04:27:34.906224 7ff13dd1a1c0                    Options.recycle_log_file_num: 0
2021/07/27-04:27:34.906224 7ff13dd1a1c0                         Options.allow_fallocate: 1
2021/07/27-04:27:34.906225 7ff13dd1a1c0                        Options.allow_mmap_reads: 0
2021/07/27-04:27:34.906226 7ff13dd1a1c0                       Options.allow_mmap_writes: 0
2021/07/27-04:27:34.906226 7ff13dd1a1c0                        Options.use_direct_reads: 0
2021/07/27-04:27:34.906227 7ff13dd1a1c0                        Options.use_direct_io_for_flush_and_compaction: 0
2021/07/27-04:27:34.906228 7ff13dd1a1c0          Options.create_missing_column_families: 1
2021/07/27-04:27:34.906228 7ff13dd1a1c0                              Options.db_log_dir: 
2021/07/27-04:27:34.906229 7ff13dd1a1c0                                 Options.wal_dir: /home/zlysunshine/ic-oer/.dfx/state/replicated_state/node-100/ic_consensus_pool/consensus
2021/07/27-04:27:34.906230 7ff13dd1a1c0                Options.table_cache_numshardbits: 6
2021/07/27-04:27:34.906230 7ff13dd1a1c0                         Options.WAL_ttl_seconds: 0
2021/07/27-04:27:34.906231 7ff13dd1a1c0                       Options.WAL_size_limit_MB: 0
2021/07/27-04:27:34.906232 7ff13dd1a1c0                        Options.max_write_batch_group_size_bytes: 1048576
2021/07/27-04:27:34.906232 7ff13dd1a1c0             Options.manifest_preallocation_size: 4194304
2021/07/27-04:27:34.906233 7ff13dd1a1c0                     Options.is_fd_close_on_exec: 1
2021/07/27-04:27:34.906234 7ff13dd1a1c0                   Options.advise_random_on_open: 1
2021/07/27-04:27:34.906234 7ff13dd1a1c0                    Options.db_write_buffer_size: 0
2021/07/27-04:27:34.906235 7ff13dd1a1c0                    Options.write_buffer_manager: 0x7ff13d9ff520
2021/07/27-04:27:34.906235 7ff13dd1a1c0         Options.access_hint_on_compaction_start: 1
2021/07/27-04:27:34.906236 7ff13dd1a1c0  Options.new_table_reader_for_compaction_inputs: 0
2021/07/27-04:27:34.906237 7ff13dd1a1c0           Options.random_access_max_buffer_size: 1048576
2021/07/27-04:27:34.906237 7ff13dd1a1c0                      Options.use_adaptive_mutex: 0
2021/07/27-04:27:34.906238 7ff13dd1a1c0                            Options.rate_limiter: (nil)
2021/07/27-04:27:34.906239 7ff13dd1a1c0     Options.sst_file_manager.rate_bytes_per_sec: 0
2021/07/27-04:27:34.906247 7ff13dd1a1c0                       Options.wal_recovery_mode: 2
2021/07/27-04:27:34.906248 7ff13dd1a1c0                  Options.enable_thread_tracking: 0
2021/07/27-04:27:34.906248 7ff13dd1a1c0                  Options.enable_pipelined_write: 0
2021/07/27-04:27:34.906249 7ff13dd1a1c0                  Options.unordered_write: 0
2021/07/27-04:27:34.906250 7ff13dd1a1c0         Options.allow_concurrent_memtable_write: 1
2021/07/27-04:27:34.906250 7ff13dd1a1c0      Options.enable_write_thread_adaptive_yield: 1
2021/07/27-04:27:34.906251 7ff13dd1a1c0             Options.write_thread_max_yield_usec: 100
2021/07/27-04:27:34.906252 7ff13dd1a1c0            Options.write_thread_slow_yield_usec: 3
2021/07/27-04:27:34.906252 7ff13dd1a1c0                               Options.row_cache: None
2021/07/27-04:27:34.906253 7ff13dd1a1c0                              Options.wal_filter: None
2021/07/27-04:27:34.906254 7ff13dd1a1c0             Options.avoid_flush_during_recovery: 0
2021/07/27-04:27:34.906254 7ff13dd1a1c0             Options.allow_ingest_behind: 0
2021/07/27-04:27:34.906255 7ff13dd1a1c0             Options.preserve_deletes: 0
2021/07/27-04:27:34.906256 7ff13dd1a1c0             Options.two_write_queues: 0
2021/07/27-04:27:34.906256 7ff13dd1a1c0             Options.manual_wal_flush: 0
2021/07/27-04:27:34.906257 7ff13dd1a1c0             Options.atomic_flush: 0
2021/07/27-04:27:34.906258 7ff13dd1a1c0             Options.avoid_unnecessary_blocking_io: 0
2021/07/27-04:27:34.906258 7ff13dd1a1c0                 Options.persist_stats_to_disk: 0
2021/07/27-04:27:34.906259 7ff13dd1a1c0                 Options.write_dbid_to_manifest: 0
2021/07/27-04:27:34.906259 7ff13dd1a1c0                 Options.log_readahead_size: 0
2021/07/27-04:27:34.906260 7ff13dd1a1c0                 Options.file_checksum_gen_factory: Unknown
2021/07/27-04:27:34.906261 7ff13dd1a1c0                 Options.best_efforts_recovery: 0
2021/07/27-04:27:34.906261 7ff13dd1a1c0                Options.max_bgerror_resume_count: 2147483647
2021/07/27-04:27:34.906262 7ff13dd1a1c0            Options.bgerror_resume_retry_interval: 1000000
2021/07/27-04:27:34.906263 7ff13dd1a1c0             Options.max_background_jobs: 2
2021/07/27-04:27:34.906264 7ff13dd1a1c0             Options.max_background_compactions: -1
2021/07/27-04:27:34.906264 7ff13dd1a1c0             Options.max_subcompactions: 1
2021/07/27-04:27:34.906265 7ff13dd1a1c0             Options.avoid_flush_during_shutdown: 0
2021/07/27-04:27:34.906266 7ff13dd1a1c0           Options.writable_file_max_buffer_size: 1048576
2021/07/27-04:27:34.906266 7ff13dd1a1c0             Options.delayed_write_rate : 16777216
2021/07/27-04:27:34.906267 7ff13dd1a1c0             Options.max_total_wal_size: 0
2021/07/27-04:27:34.906268 7ff13dd1a1c0             Options.delete_obsolete_files_period_micros: 21600000000
2021/07/27-04:27:34.906268 7ff13dd1a1c0                   Options.stats_dump_period_sec: 600
2021/07/27-04:27:34.906269 7ff13dd1a1c0                 Options.stats_persist_period_sec: 600
2021/07/27-04:27:34.906270 7ff13dd1a1c0                 Options.stats_history_buffer_size: 1048576
2021/07/27-04:27:34.906270 7ff13dd1a1c0                          Options.max_open_files: -1
2021/07/27-04:27:34.906271 7ff13dd1a1c0                          Options.bytes_per_sync: 0
2021/07/27-04:27:34.906272 7ff13dd1a1c0                      Options.wal_bytes_per_sync: 0
2021/07/27-04:27:34.906272 7ff13dd1a1c0                   Options.strict_bytes_per_sync: 0
2021/07/27-04:27:34.906273 7ff13dd1a1c0       Options.compaction_readahead_size: 0
2021/07/27-04:27:34.906273 7ff13dd1a1c0                  Options.max_background_flushes: -1
2021/07/27-04:27:34.906274 7ff13dd1a1c0 Compression algorithms supported:
2021/07/27-04:27:34.906275 7ff13dd1a1c0 	kZSTDNotFinalCompression supported: 1
2021/07/27-04:27:34.906278 7ff13dd1a1c0 	kZSTD supported: 1
2021/07/27-04:27:34.906279 7ff13dd1a1c0 	kXpressCompression supported: 0
2021/07/27-04:27:34.906280 7ff13dd1a1c0 	kLZ4HCCompression supported: 1
2021/07/27-04:27:34.906284 7ff13dd1a1c0 	kLZ4Compression supported: 1
2021/07/27-04:27:34.906285 7ff13dd1a1c0 	kBZip2Compression supported: 1
2021/07/27-04:27:34.906285 7ff13dd1a1c0 	kZlibCompression supported: 1
2021/07/27-04:27:34.906286 7ff13dd1a1c0 	kSnappyCompression supported: 1
2021/07/27-04:27:34.906289 7ff13dd1a1c0 Fast CRC32 supported: Supported on x86
2021/07/27-04:27:34.910697 7ff13dd1a1c0 [db/db_impl/db_impl_open.cc:271] Creating manifest 1 
2021/07/27-04:27:34.920363 7ff13dd1a1c0 [db/version_set.cc:4559] Recovering from manifest file: /home/zlysunshine/ic-oer/.dfx/state/replicated_state/node-100/ic_consensus_pool/consensus/MANIFEST-000001
2021/07/27-04:27:34.920450 7ff13dd1a1c0 [db/column_family.cc:578] --------------- Options for column family [default]:
2021/07/27-04:27:34.920453 7ff13dd1a1c0               Options.comparator: leveldb.BytewiseComparator
2021/07/27-04:27:34.920454 7ff13dd1a1c0           Options.merge_operator: None
2021/07/27-04:27:34.920455 7ff13dd1a1c0        Options.compaction_filter: None
2021/07/27-04:27:34.920455 7ff13dd1a1c0        Options.compaction_filter_factory: None
2021/07/27-04:27:34.920456 7ff13dd1a1c0  Options.sst_partitioner_factory: None
2021/07/27-04:27:34.920457 7ff13dd1a1c0         Options.memtable_factory: SkipListFactory
2021/07/27-04:27:34.920457 7ff13dd1a1c0            Options.table_factory: BlockBasedTable
2021/07/27-04:27:34.920478 7ff13dd1a1c0            table_factory options:   flush_block_policy_factory: FlushBlockBySizePolicyFactory (0x7ff12c326050)
  cache_index_and_filter_blocks: 0
  cache_index_and_filter_blocks_with_high_priority: 1
  pin_l0_filter_and_index_blocks_in_cache: 0
  pin_top_level_index_and_filter: 1
  index_type: 0
  data_block_index_type: 0
  index_shortening: 1
  data_block_hash_table_util_ratio: 0.750000
  hash_index_allow_collision: 1
  checksum: 1
  no_block_cache: 0
  block_cache: 0x7ff12c33f390
  block_cache_name: LRUCache
  block_cache_options:
    capacity : 8388608
    num_shard_bits : 4
    strict_capacity_limit : 0
    memory_allocator : None
    high_pri_pool_ratio: 0.000
  block_cache_compressed: (nil)
  persistent_cache: (nil)
  block_size: 4096
  block_size_deviation: 10
  block_restart_interval: 16
  index_block_restart_interval: 1
  metadata_block_size: 4096
  partition_filters: 0
  use_delta_encoding: 1
  filter_policy: nullptr
  whole_key_filtering: 1
  verify_compression: 0
  read_amp_bytes_per_bit: 0
  format_version: 4
  enable_index_compression: 1
  block_align: 0
2021/07/27-04:27:34.920481 7ff13dd1a1c0        Options.write_buffer_size: 67108864
2021/07/27-04:27:34.920481 7ff13dd1a1c0  Options.max_write_buffer_number: 2
2021/07/27-04:27:34.920482 7ff13dd1a1c0          Options.compression: Snappy
2021/07/27-04:27:34.920483 7ff13dd1a1c0                  Options.bottommost_compression: Disabled
2021/07/27-04:27:34.920484 7ff13dd1a1c0       Options.prefix_extractor: nullptr
2021/07/27-04:27:34.920484 7ff13dd1a1c0   Options.memtable_insert_with_hint_prefix_extractor: nullptr
2021/07/27-04:27:34.920485 7ff13dd1a1c0             Options.num_levels: 7
2021/07/27-04:27:34.920486 7ff13dd1a1c0        Options.min_write_buffer_number_to_merge: 1
2021/07/27-04:27:34.920486 7ff13dd1a1c0     Options.max_write_buffer_number_to_maintain: 0
2021/07/27-04:27:34.920487 7ff13dd1a1c0     Options.max_write_buffer_size_to_maintain: 0
2021/07/27-04:27:34.920488 7ff13dd1a1c0            Options.bottommost_compression_opts.window_bits: -14
2021/07/27-04:27:34.920489 7ff13dd1a1c0                  Options.bottommost_compression_opts.level: 32767
2021/07/27-04:27:34.920489 7ff13dd1a1c0               Options.bottommost_compression_opts.strategy: 0
2021/07/27-04:27:34.920490 7ff13dd1a1c0         Options.bottommost_compression_opts.max_dict_bytes: 0
2021/07/27-04:27:34.920491 7ff13dd1a1c0         Options.bottommost_compression_opts.zstd_max_train_bytes: 0
2021/07/27-04:27:34.920491 7ff13dd1a1c0         Options.bottommost_compression_opts.parallel_threads: 1
2021/07/27-04:27:34.920492 7ff13dd1a1c0                  Options.bottommost_compression_opts.enabled: false
2021/07/27-04:27:34.920528 7ff13dd1a1c0            Options.compression_opts.window_bits: -14
2021/07/27-04:27:34.920530 7ff13dd1a1c0                  Options.compression_opts.level: 32767
2021/07/27-04:27:34.920531 7ff13dd1a1c0               Options.compression_opts.strategy: 0
2021/07/27-04:27:34.920532 7ff13dd1a1c0         Options.compression_opts.max_dict_bytes: 0
2021/07/27-04:27:34.920533 7ff13dd1a1c0         Options.compression_opts.zstd_max_train_bytes: 0
2021/07/27-04:27:34.920534 7ff13dd1a1c0         Options.compression_opts.parallel_threads: 1
2021/07/27-04:27:34.920534 7ff13dd1a1c0                  Options.compression_opts.enabled: false
2021/07/27-04:27:34.920535 7ff13dd1a1c0      Options.level0_file_num_compaction_trigger: 4
2021/07/27-04:27:34.920536 7ff13dd1a1c0          Options.level0_slowdown_writes_trigger: 20
2021/07/27-04:27:34.920536 7ff13dd1a1c0              Options.level0_stop_writes_trigger: 36
2021/07/27-04:27:34.920537 7ff13dd1a1c0                   Options.target_file_size_base: 67108864
2021/07/27-04:27:34.920538 7ff13dd1a1c0             Options.target_file_size_multiplier: 1
2021/07/27-04:27:34.920538 7ff13dd1a1c0                Options.max_bytes_for_level_base: 268435456
2021/07/27-04:27:34.920539 7ff13dd1a1c0 Options.level_compaction_dynamic_level_bytes: 0
2021/07/27-04:27:34.920540 7ff13dd1a1c0          Options.max_bytes_for_level_multiplier: 10.000000
2021/07/27-04:27:34.920542 7ff13dd1a1c0 Options.max_bytes_for_level_multiplier_addtl[0]: 1
2021/07/27-04:27:34.920543 7ff13dd1a1c0 Options.max_bytes_for_level_multiplier_addtl[1]: 1
2021/07/27-04:27:34.920543 7ff13dd1a1c0 Options.max_bytes_for_level_multiplier_addtl[2]: 1
2021/07/27-04:27:34.920544 7ff13dd1a1c0 Options.max_bytes_for_level_multiplier_addtl[3]: 1
2021/07/27-04:27:34.920545 7ff13dd1a1c0 Options.max_bytes_for_level_multiplier_addtl[4]: 1
2021/07/27-04:27:34.920545 7ff13dd1a1c0 Options.max_bytes_for_level_multiplier_addtl[5]: 1
2021/07/27-04:27:34.920546 7ff13dd1a1c0 Options.max_bytes_for_level_multiplier_addtl[6]: 1
2021/07/27-04:27:34.920547 7ff13dd1a1c0       Options.max_sequential_skip_in_iterations: 8
2021/07/27-04:27:34.920547 7ff13dd1a1c0                    Options.max_compaction_bytes: 1677721600
2021/07/27-04:27:34.920548 7ff13dd1a1c0                        Options.arena_block_size: 8388608
2021/07/27-04:27:34.920549 7ff13dd1a1c0   Options.soft_pending_compaction_bytes_limit: 68719476736
2021/07/27-04:27:34.920549 7ff13dd1a1c0   Options.hard_pending_compaction_bytes_limit: 274877906944
2021/07/27-04:27:34.920550 7ff13dd1a1c0       Options.rate_limit_delay_max_milliseconds: 100
2021/07/27-04:27:34.920551 7ff13dd1a1c0                Options.disable_auto_compactions: 0
2021/07/27-04:27:34.920552 7ff13dd1a1c0                        Options.compaction_style: kCompactionStyleLevel
2021/07/27-04:27:34.920553 7ff13dd1a1c0                          Options.compaction_pri: kMinOverlappingRatio
2021/07/27-04:27:34.920554 7ff13dd1a1c0 Options.compaction_options_universal.size_ratio: 1
2021/07/27-04:27:34.920555 7ff13dd1a1c0 Options.compaction_options_universal.min_merge_width: 2
2021/07/27-04:27:34.920555 7ff13dd1a1c0 Options.compaction_options_universal.max_merge_width: 4294967295
2021/07/27-04:27:34.920556 7ff13dd1a1c0 Options.compaction_options_universal.max_size_amplification_percent: 200
2021/07/27-04:27:34.920557 7ff13dd1a1c0 Options.compaction_options_universal.compression_size_percent: -1
2021/07/27-04:27:34.920558 7ff13dd1a1c0 Options.compaction_options_universal.stop_style: kCompactionStopStyleTotalSize
2021/07/27-04:27:34.920558 7ff13dd1a1c0 Options.compaction_options_fifo.max_table_files_size: 1073741824
2021/07/27-04:27:34.920559 7ff13dd1a1c0 Options.compaction_options_fifo.allow_compaction: 0
2021/07/27-04:27:34.920563 7ff13dd1a1c0                   Options.table_properties_collectors: 
2021/07/27-04:27:34.920564 7ff13dd1a1c0                   Options.inplace_update_support: 0
2021/07/27-04:27:34.920565 7ff13dd1a1c0                 Options.inplace_update_num_locks: 10000
2021/07/27-04:27:34.920573 7ff13dd1a1c0               Options.memtable_prefix_bloom_size_ratio: 0.000000
2021/07/27-04:27:34.920574 7ff13dd1a1c0               Options.memtable_whole_key_filtering: 0
2021/07/27-04:27:34.920575 7ff13dd1a1c0   Options.memtable_huge_page_size: 0
2021/07/27-04:27:34.920575 7ff13dd1a1c0                           Options.bloom_locality: 0
2021/07/27-04:27:34.920576 7ff13dd1a1c0                    Options.max_successive_merges: 0
2021/07/27-04:27:34.920577 7ff13dd1a1c0                Options.optimize_filters_for_hits: 0
2021/07/27-04:27:34.920577 7ff13dd1a1c0                Options.paranoid_file_checks: 0
2021/07/27-04:27:34.920578 7ff13dd1a1c0                Options.force_consistency_checks: 0
2021/07/27-04:27:34.920579 7ff13dd1a1c0                Options.report_bg_io_stats: 0
2021/07/27-04:27:34.920579 7ff13dd1a1c0                               Options.ttl: 2592000
2021/07/27-04:27:34.920580 7ff13dd1a1c0          Options.periodic_compaction_seconds: 0
2021/07/27-04:27:34.921190 7ff13dd1a1c0 [db/version_set.cc:4708] Recovered from manifest file:/home/zlysunshine/ic-oer/.dfx/state/replicated_state/node-100/ic_consensus_pool/consensus/MANIFEST-000001 succeeded,manifest_file_number is 1, next_file_number is 3, last_sequence is 0, log_number is 0,prev_log_number is 0,max_column_family is 0,min_log_number_to_keep is 0
2021/07/27-04:27:34.921198 7ff13dd1a1c0 [db/version_set.cc:4724] Column family [default] (ID 0), log number is 0
2021/07/27-04:27:34.921277 7ff13dd1a1c0 [db/version_set.cc:3949] Creating manifest 4
2021/07/27-04:27:34.932626 7ff13dd1a1c0 [db/column_family.cc:578] --------------- Options for column family [RB]:
2021/07/27-04:27:34.932634 7ff13dd1a1c0               Options.comparator: leveldb.BytewiseComparator
2021/07/27-04:27:34.932636 7ff13dd1a1c0           Options.merge_operator: None
2021/07/27-04:27:34.932637 7ff13dd1a1c0        Options.compaction_filter: filter_outdated
2021/07/27-04:27:34.932638 7ff13dd1a1c0        Options.compaction_filter_factory: None
2021/07/27-04:27:34.932639 7ff13dd1a1c0  Options.sst_partitioner_factory: None
2021/07/27-04:27:34.932639 7ff13dd1a1c0         Options.memtable_factory: SkipListFactory
2021/07/27-04:27:34.932640 7ff13dd1a1c0            Options.table_factory: BlockBasedTable
2021/07/27-04:27:34.932657 7ff13dd1a1c0            table_factory options:   flush_block_policy_factory: FlushBlockBySizePolicyFactory (0x7ff13d808f28)
  cache_index_and_filter_blocks: 0
  cache_index_and_filter_blocks_with_high_priority: 1
  pin_l0_filter_and_index_blocks_in_cache: 0
  pin_top_level_index_and_filter: 1
  index_type: 0
  data_block_index_type: 0
  index_shortening: 1
  data_block_hash_table_util_ratio: 0.750000
  hash_index_allow_collision: 1
  checksum: 1
  no_block_cache: 0
  block_cache: 0x7ff139fbed90
  block_cache_name: LRUCache
  block_cache_options:
    capacity : 8388608
    num_shard_bits : 4
    strict_capacity_limit : 0
    memory_allocator : None
    high_pri_pool_ratio: 0.000
  block_cache_compressed: (nil)
  persistent_cache: (nil)
  block_size: 4096
  block_size_deviation: 10
  block_restart_interval: 16
  index_block_restart_interval: 1
  metadata_block_size: 4096
  partition_filters: 0
  use_delta_encoding: 1
  filter_policy: nullptr
  whole_key_filtering: 1
  verify_compression: 0
  read_amp_bytes_per_bit: 0
  format_version: 4
  enable_index_compression: 1
  block_align: 0
2021/07/27-04:27:34.932661 7ff13dd1a1c0        Options.write_buffer_size: 67108864
2021/07/27-04:27:34.932661 7ff13dd1a1c0  Options.max_write_buffer_number: 2
2021/07/27-04:27:34.932662 7ff13dd1a1c0          Options.compression: NoCompression
2021/07/27-04:27:34.932663 7ff13dd1a1c0                  Options.bottommost_compression: Disabled
2021/07/27-04:27:34.932664 7ff13dd1a1c0       Options.prefix_extractor: nullptr
2021/07/27-04:27:34.932664 7ff13dd1a1c0   Options.memtable_insert_with_hint_prefix_extractor: nullptr
2021/07/27-04:27:34.932665 7ff13dd1a1c0             Options.num_levels: 7
2021/07/27-04:27:34.932666 7ff13dd1a1c0        Options.min_write_buffer_number_to_merge: 1
2021/07/27-04:27:34.932667 7ff13dd1a1c0     Options.max_write_buffer_number_to_maintain: 0
2021/07/27-04:27:34.932667 7ff13dd1a1c0     Options.max_write_buffer_size_to_maintain: 0
2021/07/27-04:27:34.932668 7ff13dd1a1c0            Options.bottommost_compression_opts.window_bits: -14
2021/07/27-04:27:34.932669 7ff13dd1a1c0                  Options.bottommost_compression_opts.level: 32767
2021/07/27-04:27:34.932669 7ff13dd1a1c0               Options.bottommost_compression_opts.strategy: 0
2021/07/27-04:27:34.932670 7ff13dd1a1c0         Options.bottommost_compression_opts.max_dict_bytes: 0
2021/07/27-04:27:34.932671 7ff13dd1a1c0         Options.bottommost_compression_opts.zstd_max_train_bytes: 0
2021/07/27-04:27:34.932671 7ff13dd1a1c0         Options.bottommost_compression_opts.parallel_threads: 1
2021/07/27-04:27:34.932672 7ff13dd1a1c0                  Options.bottommost_compression_opts.enabled: false
2021/07/27-04:27:34.932673 7ff13dd1a1c0            Options.compression_opts.window_bits: -14
2021/07/27-04:27:34.932674 7ff13dd1a1c0                  Options.compression_opts.level: 32767
2021/07/27-04:27:34.932674 7ff13dd1a1c0               Options.compression_opts.strategy: 0
2021/07/27-04:27:34.932675 7ff13dd1a1c0         Options.compression_opts.max_dict_bytes: 0
2021/07/27-04:27:34.932676 7ff13dd1a1c0         Options.compression_opts.zstd_max_train_bytes: 0
2021/07/27-04:27:34.932676 7ff13dd1a1c0         Options.compression_opts.parallel_threads: 1
2021/07/27-04:27:34.932677 7ff13dd1a1c0                  Options.compression_opts.enabled: false
2021/07/27-04:27:34.932689 7ff13dd1a1c0      Options.level0_file_num_compaction_trigger: 4
2021/07/27-04:27:34.932690 7ff13dd1a1c0          Options.level0_slowdown_writes_trigger: 20
2021/07/27-04:27:34.932691 7ff13dd1a1c0              Options.level0_stop_writes_trigger: 36
2021/07/27-04:27:34.932692 7ff13dd1a1c0                   Options.target_file_size_base: 67108864
2021/07/27-04:27:34.932692 7ff13dd1a1c0             Options.target_file_size_multiplier: 1
2021/07/27-04:27:34.932693 7ff13dd1a1c0                Options.max_bytes_for_level_base: 268435456
2021/07/27-04:27:34.932694 7ff13dd1a1c0 Options.level_compaction_dynamic_level_bytes: 0
2021/07/27-04:27:34.932695 7ff13dd1a1c0          Options.max_bytes_for_level_multiplier: 10.000000
2021/07/27-04:27:34.932696 7ff13dd1a1c0 Options.max_bytes_for_level_multiplier_addtl[0]: 1
2021/07/27-04:27:34.932697 7ff13dd1a1c0 Options.max_bytes_for_level_multiplier_addtl[1]: 1
2021/07/27-04:27:34.932698 7ff13dd1a1c0 Options.max_bytes_for_level_multiplier_addtl[2]: 1
2021/07/27-04:27:34.932698 7ff13dd1a1c0 Options.max_bytes_for_level_multiplier_addtl[3]: 1
2021/07/27-04:27:34.932699 7ff13dd1a1c0 Options.max_bytes_for_level_multiplier_addtl[4]: 1
2021/07/27-04:27:34.932700 7ff13dd1a1c0 Options.max_bytes_for_level_multiplier_addtl[5]: 1
2021/07/27-04:27:34.932700 7ff13dd1a1c0 Options.max_bytes_for_level_multiplier_addtl[6]: 1
2021/07/27-04:27:34.932701 7ff13dd1a1c0       Options.max_sequential_skip_in_iterations: 8
2021/07/27-04:27:34.932702 7ff13dd1a1c0                    Options.max_compaction_bytes: 1677721600
2021/07/27-04:27:34.932703 7ff13dd1a1c0                        Options.arena_block_size: 8388608
2021/07/27-04:27:34.932703 7ff13dd1a1c0   Options.soft_pending_compaction_bytes_limit: 68719476736
2021/07/27-04:27:34.932704 7ff13dd1a1c0   Options.hard_pending_compaction_bytes_limit: 274877906944
2021/07/27-04:27:34.932705 7ff13dd1a1c0       Options.rate_limit_delay_max_milliseconds: 100
2021/07/27-04:27:34.932706 7ff13dd1a1c0                Options.disable_auto_compactions: 1
2021/07/27-04:27:34.932707 7ff13dd1a1c0                        Options.compaction_style: kCompactionStyleLevel
2021/07/27-04:27:34.932708 7ff13dd1a1c0                          Options.compaction_pri: kMinOverlappingRatio
2021/07/27-04:27:34.932709 7ff13dd1a1c0 Options.compaction_options_universal.size_ratio: 1
2021/07/27-04:27:34.932709 7ff13dd1a1c0 Options.compaction_options_universal.min_merge_width: 2
2021/07/27-04:27:34.932710 7ff13dd1a1c0 Options.compaction_options_universal.max_merge_width: 4294967295
2021/07/27-04:27:34.932711 7ff13dd1a1c0 Options.compaction_options_universal.max_size_amplification_percent: 200
2021/07/27-04:27:34.932711 7ff13dd1a1c0 Options.compaction_options_universal.compression_size_percent: -1
2021/07/27-04:27:34.932712 7ff13dd1a1c0 Options.compaction_options_universal.stop_style: kCompactionStopStyleTotalSize
2021/07/27-04:27:34.932713 7ff13dd1a1c0 Options.compaction_options_fifo.max_table_files_size: 1073741824
2021/07/27-04:27:34.932714 7ff13dd1a1c0 Options.compaction_options_fifo.allow_compaction: 0
2021/07/27-04:27:34.932718 7ff13dd1a1c0                   Options.table_properties_collectors: 
2021/07/27-04:27:34.932719 7ff13dd1a1c0                   Options.inplace_update_support: 0
2021/07/27-04:27:34.932719 7ff13dd1a1c0                 Options.inplace_update_num_locks: 10000
2021/07/27-04:27:34.932720 7ff13dd1a1c0               Options.memtable_prefix_bloom_size_ratio: 0.000000
2021/07/27-04:27:34.932721 7ff13dd1a1c0               Options.memtable_whole_key_filtering: 0
2021/07/27-04:27:34.932722 7ff13dd1a1c0   Options.memtable_huge_page_size: 0
2021/07/27-04:27:34.932722 7ff13dd1a1c0                           Options.bloom_locality: 0
2021/07/27-04:27:34.932723 7ff13dd1a1c0                    Options.max_successive_merges: 0
2021/07/27-04:27:34.932724 7ff13dd1a1c0                Options.optimize_filters_for_hits: 0
2021/07/27-04:27:34.932724 7ff13dd1a1c0                Options.paranoid_file_checks: 0
2021/07/27-04:27:34.932725 7ff13dd1a1c0                Options.force_consistency_checks: 0
2021/07/27-04:27:34.932729 7ff13dd1a1c0                Options.report_bg_io_stats: 0
2021/07/27-04:27:34.932730 7ff13dd1a1c0                               Options.ttl: 2592000
2021/07/27-04:27:34.932730 7ff13dd1a1c0          Options.periodic_compaction_seconds: 2592000
2021/07/27-04:27:34.932756 7ff13dd1a1c0 [db/db_impl/db_impl.cc:2561] Created column family [RB] (ID 1)
2021/07/27-04:27:34.938923 7ff13dd1a1c0 [db/column_family.cc:578] --------------- Options for column family [FZ]:
2021/07/27-04:27:34.938934 7ff13dd1a1c0               Options.comparator: leveldb.BytewiseComparator
2021/07/27-04:27:34.938935 7ff13dd1a1c0           Options.merge_operator: None
2021/07/27-04:27:34.938937 7ff13dd1a1c0        Options.compaction_filter: filter_outdated
2021/07/27-04:27:34.938938 7ff13dd1a1c0        Options.compaction_filter_factory: None
2021/07/27-04:27:34.938938 7ff13dd1a1c0  Options.sst_partitioner_factory: None
2021/07/27-04:27:34.938939 7ff13dd1a1c0         Options.memtable_factory: SkipListFactory
2021/07/27-04:27:34.938940 7ff13dd1a1c0            Options.table_factory: BlockBasedTable
2021/07/27-04:27:34.938957 7ff13dd1a1c0            table_factory options:   flush_block_policy_factory: FlushBlockBySizePolicyFactory (0x7ff13d808f40)
  cache_index_and_filter_blocks: 0
  cache_index_and_filter_blocks_with_high_priority: 1
  pin_l0_filter_and_index_blocks_in_cache: 0
  pin_top_level_index_and_filter: 1
  index_type: 0
  data_block_index_type: 0
  index_shortening: 1
  data_block_hash_table_util_ratio: 0.750000
  hash_index_allow_collision: 1
  checksum: 1
  no_block_cache: 0
  block_cache: 0x7ff12c321610
  block_cache_name: LRUCache
  block_cache_options:
    capacity : 8388608
    num_shard_bits : 4
    strict_capacity_limit : 0
    memory_allocator : None
    high_pri_pool_ratio: 0.000
  block_cache_compressed: (nil)
  persistent_cache: (nil)
  block_size: 4096
  block_size_deviation: 10
  block_restart_interval: 16
  index_block_restart_interval: 1
  metadata_block_size: 4096
  partition_filters: 0
  use_delta_encoding: 1
  filter_policy: nullptr
  whole_key_filtering: 1
  verify_compression: 0
  read_amp_bytes_per_bit: 0
  format_version: 4
  enable_index_compression: 1
  block_align: 0
2021/07/27-04:27:34.938960 7ff13dd1a1c0        Options.write_buffer_size: 67108864
2021/07/27-04:27:34.938961 7ff13dd1a1c0  Options.max_write_buffer_number: 2
2021/07/27-04:27:34.938962 7ff13dd1a1c0          Options.compression: NoCompression
2021/07/27-04:27:34.938963 7ff13dd1a1c0                  Options.bottommost_compression: Disabled
2021/07/27-04:27:34.938964 7ff13dd1a1c0       Options.prefix_extractor: nullptr
2021/07/27-04:27:34.938964 7ff13dd1a1c0   Options.memtable_insert_with_hint_prefix_extractor: nullptr
2021/07/27-04:27:34.938965 7ff13dd1a1c0             Options.num_levels: 7
2021/07/27-04:27:34.938966 7ff13dd1a1c0        Options.min_write_buffer_number_to_merge: 1
2021/07/27-04:27:34.938966 7ff13dd1a1c0     Options.max_write_buffer_number_to_maintain: 0
2021/07/27-04:27:34.938967 7ff13dd1a1c0     Options.max_write_buffer_size_to_maintain: 0
2021/07/27-04:27:34.938967 7ff13dd1a1c0            Options.bottommost_compression_opts.window_bits: -14
2021/07/27-04:27:34.938968 7ff13dd1a1c0                  Options.bottommost_compression_opts.level: 32767
2021/07/27-04:27:34.938969 7ff13dd1a1c0               Options.bottommost_compression_opts.strategy: 0
2021/07/27-04:27:34.938970 7ff13dd1a1c0         Options.bottommost_compression_opts.max_dict_bytes: 0
2021/07/27-04:27:34.938970 7ff13dd1a1c0         Options.bottommost_compression_opts.zstd_max_train_bytes: 0
2021/07/27-04:27:34.938971 7ff13dd1a1c0         Options.bottommost_compression_opts.parallel_threads: 1
2021/07/27-04:27:34.938972 7ff13dd1a1c0                  Options.bottommost_compression_opts.enabled: false
2021/07/27-04:27:34.938972 7ff13dd1a1c0            Options.compression_opts.window_bits: -14
2021/07/27-04:27:34.938973 7ff13dd1a1c0                  Options.compression_opts.level: 32767
2021/07/27-04:27:34.938974 7ff13dd1a1c0               Options.compression_opts.strategy: 0
2021/07/27-04:27:34.938974 7ff13dd1a1c0         Options.compression_opts.max_dict_bytes: 0
2021/07/27-04:27:34.938975 7ff13dd1a1c0         Options.compression_opts.zstd_max_train_bytes: 0
2021/07/27-04:27:34.938976 7ff13dd1a1c0         Options.compression_opts.parallel_threads: 1
2021/07/27-04:27:34.938976 7ff13dd1a1c0                  Options.compression_opts.enabled: false
2021/07/27-04:27:34.938986 7ff13dd1a1c0      Options.level0_file_num_compaction_trigger: 4
2021/07/27-04:27:34.938987 7ff13dd1a1c0          Options.level0_slowdown_writes_trigger: 20
2021/07/27-04:27:34.938988 7ff13dd1a1c0              Options.level0_stop_writes_trigger: 36
2021/07/27-04:27:34.938989 7ff13dd1a1c0                   Options.target_file_size_base: 67108864
2021/07/27-04:27:34.938989 7ff13dd1a1c0             Options.target_file_size_multiplier: 1
2021/07/27-04:27:34.938990 7ff13dd1a1c0                Options.max_bytes_for_level_base: 268435456
2021/07/27-04:27:34.938991 7ff13dd1a1c0 Options.level_compaction_dynamic_level_bytes: 0
2021/07/27-04:27:34.938991 7ff13dd1a1c0          Options.max_bytes_for_level_multiplier: 10.000000
2021/07/27-04:27:34.938993 7ff13dd1a1c0 Options.max_bytes_for_level_multiplier_addtl[0]: 1
2021/07/27-04:27:34.938994 7ff13dd1a1c0 Options.max_bytes_for_level_multiplier_addtl[1]: 1
2021/07/27-04:27:34.938994 7ff13dd1a1c0 Options.max_bytes_for_level_multiplier_addtl[2]: 1
2021/07/27-04:27:34.938995 7ff13dd1a1c0 Options.max_bytes_for_level_multiplier_addtl[3]: 1
2021/07/27-04:27:34.938996 7ff13dd1a1c0 Options.max_bytes_for_level_multiplier_addtl[4]: 1
2021/07/27-04:27:34.938996 7ff13dd1a1c0 Options.max_bytes_for_level_multiplier_addtl[5]: 1
2021/07/27-04:27:34.938997 7ff13dd1a1c0 Options.max_bytes_for_level_multiplier_addtl[6]: 1
2021/07/27-04:27:34.938998 7ff13dd1a1c0       Options.max_sequential_skip_in_iterations: 8
2021/07/27-04:27:34.938998 7ff13dd1a1c0                    Options.max_compaction_bytes: 1677721600
2021/07/27-04:27:34.938999 7ff13dd1a1c0                        Options.arena_block_size: 8388608
2021/07/27-04:27:34.939000 7ff13dd1a1c0   Options.soft_pending_compaction_bytes_limit: 68719476736
2021/07/27-04:27:34.939000 7ff13dd1a1c0   Options.hard_pending_compaction_bytes_limit: 274877906944
2021/07/27-04:27:34.939001 7ff13dd1a1c0       Options.rate_limit_delay_max_milliseconds: 100
2021/07/27-04:27:34.939002 7ff13dd1a1c0                Options.disable_auto_compactions: 1
2021/07/27-04:27:34.939003 7ff13dd1a1c0                        Options.compaction_style: kCompactionStyleLevel
2021/07/27-04:27:34.939004 7ff13dd1a1c0                          Options.compaction_pri: kMinOverlappingRatio
2021/07/27-04:27:34.939005 7ff13dd1a1c0 Options.compaction_options_universal.size_ratio: 1
2021/07/27-04:27:34.939005 7ff13dd1a1c0 Options.compaction_options_universal.min_merge_width: 2
2021/07/27-04:27:34.939006 7ff13dd1a1c0 Options.compaction_options_universal.max_merge_width: 4294967295
2021/07/27-04:27:34.939006 7ff13dd1a1c0 Options.compaction_options_universal.max_size_amplification_percent: 200
2021/07/27-04:27:34.939007 7ff13dd1a1c0 Options.compaction_options_universal.compression_size_percent: -1
2021/07/27-04:27:34.939008 7ff13dd1a1c0 Options.compaction_options_universal.stop_style: kCompactionStopStyleTotalSize
2021/07/27-04:27:34.939009 7ff13dd1a1c0 Options.compaction_options_fifo.max_table_files_size: 1073741824
2021/07/27-04:27:34.939009 7ff13dd1a1c0 Options.compaction_options_fifo.allow_compaction: 0
2021/07/27-04:27:34.939013 7ff13dd1a1c0                   Options.table_properties_collectors: 
2021/07/27-04:27:34.939014 7ff13dd1a1c0                   Options.inplace_update_support: 0
2021/07/27-04:27:34.939014 7ff13dd1a1c0                 Options.inplace_update_num_locks: 10000
2021/07/27-04:27:34.939015 7ff13dd1a1c0               Options.memtable_prefix_bloom_size_ratio: 0.000000
2021/07/27-04:27:34.939016 7ff13dd1a1c0               Options.memtable_whole_key_filtering: 0
2021/07/27-04:27:34.939017 7ff13dd1a1c0   Options.memtable_huge_page_size: 0
2021/07/27-04:27:34.939017 7ff13dd1a1c0                           Options.bloom_locality: 0
2021/07/27-04:27:34.939018 7ff13dd1a1c0                    Options.max_successive_merges: 0
2021/07/27-04:27:34.939019 7ff13dd1a1c0                Options.optimize_filters_for_hits: 0
2021/07/27-04:27:34.939019 7ff13dd1a1c0                Options.paranoid_file_checks: 0
2021/07/27-04:27:34.939020 7ff13dd1a1c0                Options.force_consistency_checks: 0
2021/07/27-04:27:34.939024 7ff13dd1a1c0                Options.report_bg_io_stats: 0
2021/07/27-04:27:34.939025 7ff13dd1a1c0                               Options.ttl: 2592000
2021/07/27-04:27:34.939025 7ff13dd1a1c0          Options.periodic_compaction_seconds: 2592000
2021/07/27-04:27:34.939045 7ff13dd1a1c0 [db/db_impl/db_impl.cc:2561] Created column family [FZ] (ID 2)
2021/07/27-04:27:34.945496 7ff13dd1a1c0 [db/column_family.cc:578] --------------- Options for column family [NZ]:
2021/07/27-04:27:34.945512 7ff13dd1a1c0               Options.comparator: leveldb.BytewiseComparator
2021/07/27-04:27:34.945514 7ff13dd1a1c0           Options.merge_operator: None
2021/07/27-04:27:34.945516 7ff13dd1a1c0        Options.compaction_filter: filter_outdated
2021/07/27-04:27:34.945518 7ff13dd1a1c0        Options.compaction_filter_factory: None
2021/07/27-04:27:34.945519 7ff13dd1a1c0  Options.sst_partitioner_factory: None
2021/07/27-04:27:34.945520 7ff13dd1a1c0         Options.memtable_factory: SkipListFactory
2021/07/27-04:27:34.945522 7ff13dd1a1c0            Options.table_factory: BlockBasedTable
2021/07/27-04:27:34.945546 7ff13dd1a1c0            table_factory options:   flush_block_policy_factory: FlushBlockBySizePolicyFactory (0x7ff13d808f58)
  cache_index_and_filter_blocks: 0
  cache_index_and_filter_blocks_with_high_priority: 1
  pin_l0_filter_and_index_blocks_in_cache: 0
  pin_top_level_index_and_filter: 1
  index_type: 0
  data_block_index_type: 0
  index_shortening: 1
  data_block_hash_table_util_ratio: 0.750000
  hash_index_allow_collision: 1
  checksum: 1
  no_block_cache: 0
  block_cache: 0x7ff12c321e90
  block_cache_name: LRUCache
  block_cache_options:
    capacity : 8388608
    num_shard_bits : 4
    strict_capacity_limit : 0
    memory_allocator : None
    high_pri_pool_ratio: 0.000
  block_cache_compressed: (nil)
  persistent_cache: (nil)
  block_size: 4096
  block_size_deviation: 10
  block_restart_interval: 16
  index_block_restart_interval: 1
  metadata_block_size: 4096
  partition_filters: 0
  use_delta_encoding: 1
  filter_policy: nullptr
  whole_key_filtering: 1
  verify_compression: 0
  read_amp_bytes_per_bit: 0
  format_version: 4
  enable_index_compression: 1
  block_align: 0
2021/07/27-04:27:34.945551 7ff13dd1a1c0        Options.write_buffer_size: 67108864
2021/07/27-04:27:34.945552 7ff13dd1a1c0  Options.max_write_buffer_number: 2
2021/07/27-04:27:34.945554 7ff13dd1a1c0          Options.compression: NoCompression
2021/07/27-04:27:34.945555 7ff13dd1a1c0                  Options.bottommost_compression: Disabled
2021/07/27-04:27:34.945556 7ff13dd1a1c0       Options.prefix_extractor: nullptr
2021/07/27-04:27:34.945557 7ff13dd1a1c0   Options.memtable_insert_with_hint_prefix_extractor: nullptr
2021/07/27-04:27:34.945558 7ff13dd1a1c0             Options.num_levels: 7
2021/07/27-04:27:34.945559 7ff13dd1a1c0        Options.min_write_buffer_number_to_merge: 1
2021/07/27-04:27:34.945561 7ff13dd1a1c0     Options.max_write_buffer_number_to_maintain: 0
2021/07/27-04:27:34.945562 7ff13dd1a1c0     Options.max_write_buffer_size_to_maintain: 0
2021/07/27-04:27:34.945563 7ff13dd1a1c0            Options.bottommost_compression_opts.window_bits: -14
2021/07/27-04:27:34.945565 7ff13dd1a1c0                  Options.bottommost_compression_opts.level: 32767
2021/07/27-04:27:34.945566 7ff13dd1a1c0               Options.bottommost_compression_opts.strategy: 0
2021/07/27-04:27:34.945567 7ff13dd1a1c0         Options.bottommost_compression_opts.max_dict_bytes: 0
2021/07/27-04:27:34.945569 7ff13dd1a1c0         Options.bottommost_compression_opts.zstd_max_train_bytes: 0
2021/07/27-04:27:34.945570 7ff13dd1a1c0         Options.bottommost_compression_opts.parallel_threads: 1
2021/07/27-04:27:34.945571 7ff13dd1a1c0                  Options.bottommost_compression_opts.enabled: false
2021/07/27-04:27:34.945572 7ff13dd1a1c0            Options.compression_opts.window_bits: -14
2021/07/27-04:27:34.945574 7ff13dd1a1c0                  Options.compression_opts.level: 32767
2021/07/27-04:27:34.945575 7ff13dd1a1c0               Options.compression_opts.strategy: 0
2021/07/27-04:27:34.945576 7ff13dd1a1c0         Options.compression_opts.max_dict_bytes: 0
2021/07/27-04:27:34.945577 7ff13dd1a1c0         Options.compression_opts.zstd_max_train_bytes: 0
2021/07/27-04:27:34.945578 7ff13dd1a1c0         Options.compression_opts.parallel_threads: 1
2021/07/27-04:27:34.945579 7ff13dd1a1c0                  Options.compression_opts.enabled: false
2021/07/27-04:27:34.945596 7ff13dd1a1c0      Options.level0_file_num_compaction_trigger: 4
2021/07/27-04:27:34.945597 7ff13dd1a1c0          Options.level0_slowdown_writes_trigger: 20
2021/07/27-04:27:34.945599 7ff13dd1a1c0              Options.level0_stop_writes_trigger: 36
2021/07/27-04:27:34.945600 7ff13dd1a1c0                   Options.target_file_size_base: 67108864
2021/07/27-04:27:34.945601 7ff13dd1a1c0             Options.target_file_size_multiplier: 1
2021/07/27-04:27:34.945602 7ff13dd1a1c0                Options.max_bytes_for_level_base: 268435456
2021/07/27-04:27:34.945604 7ff13dd1a1c0 Options.level_compaction_dynamic_level_bytes: 0
